275     300     325     340     350     360     365     370     375     380     390     400     410     420     425
50      -1       41.726  43.446  46.603  47.740  48.847  49.400  49.945  50.487  51.020  52.067  53.095  54.139  55.160  55.670
60      -1       33.347  36.215  37.817  38.833  39.820  40.311  40.790  41.264  41.738  42.655  43.552  44.452  45.341  45.779
70      1.1909  27.214  29.987  31.498  32.433  33.341  33.789  34.224  34.652  35.084  35.912  36.716  37.523  38.313  38.703
80      1.1885  22.431  25.249  26.699  27.596  28.452  28.869  29.274  29.666  30.069  30.836  31.574  32.311  33.030  33.384
90      1.1861  17.740  21.488  22.922  23.793  24.617  25.014  25.397  25.770  26.146  26.869  27.560  28.246  28.912  29.236
100     1.1837  12.700  18.398  19.845  20.711  21.516  21.895  22.274  22.630  22.986  23.677  24.337  24.981  25.607  25.910
110     1.1813  7.266   15.748  17.268  18.144  18.944  19.315  19.685  20.034  20.383  21.050  21.687  22.298  22.897  23.182
120     1.1792  1.2621  13.381  15.052  15.958  16.766  17.433  17.506  17.849  18.191  18.843  19.463  20.051  20.627  20.991
130     1.1771  -1       11.388  13.093  14.052  14.884  15.260  15.632  16.316  16.961  17.361  17.968  18.140  18.610  18.963
140     1.1747  1.2554  1.3803  11.293  12.352  13.228  13.617  13.996  14.348  14.687  15.331  15.930  16.490  17.034  17.296
150     1.1726  1.2508  1.3729  -1       10.797  11.750  12.156  12.549  12.907  13.254  13.900  14.496  15.050  15.584  15.842
160     1.1705  1.2473  1.3661  1.4868  9.312   10.387  10.836  11.246  11.617  11.975  12.628  13.226  13.780  14.306  14.563
170     1.1686  1.2442  1.3635  1.4723  7.765   9.103   9.609   10.053  10.448  10.817  11.488  12.094  12.650  13.170  13.428
180     1.1666  1.2412  1.3597  1.4594  1.5803  7.812   8.436   8.941   9.365   9.750   10.459  11.072  11.634  12.153  12.410
190     1.1644  1.2378  1.3473  1.4476  1.5564  7.256   7.854   8.348   8.773   9.157   10.142  10.712  11.233  11.492  -1
200     1.1625  1.2344  1.3411  1.4372  1.5361  7.289   6.798   7.370   7.844   8.641   9.702   9.872   10.399  10.639  -1
210     1.1608  1.2314  1.3360  1.4273  1.5186  6.773   6.386   6.944   7.815   8.506   9.101   9.638   9.891   -1  -1
220     1.1589  1.2288  1.3307  1.4184  1.5033  6.407   1.763   5.322   6.050   7.037   7.776   8.389   8.936   9.191   -1
230     1.1570  1.2259  1.3254  1.4098  1.4896  6.116   1.709   1.8868  3.808   5.097   6.281   7.087   7.728   8.285   8.562
240     1.1551  1.2232  1.3205  1.4017  1.4773  5.878   1.6703  1.7982  2.085   3.918   5.540   6.427   7.107   7.692   7.949
250     1.1533  1.2206  1.3158  1.3941  1.4657  5.667   1.6390  1.7412  1.9134  2.445   4.780   5.794   6.523   7.133   7.396
260     1.1515  1.2177  1.3113  1.3870  1.4552  5.492   1.6139  1.7004  1.8282  2.070   3.981   5.184   5.967   6.592   6.868
270     1.1498  1.2149  1.3063  1.3799  1.4453  5.338   1.5913  1.6678  1.7705  1.936   3.660   4.579   5.438   6.090   6.382
280     1.1480  1.2124  1.3021  1.3736  1.4381  5.191   1.5723  1.6407  1.7277  1.835   3.543   3.990   4.928   5.624   5.921
290     1.1463  1.2090  1.2979  1.3672  1.4271  5.058   1.5577  1.6168  1.6998  1.798   2.239   3.426   4.440   5.176   5.476
300     1.1448  1.2077  1.2937  1.3616  1.4194  4.941   1.5408  1.5962  1.6656  1.753   2.077   2.942   3.982   4.760   5.066
310     1.1431  1.2055  1.2895  1.3559  1.4116  4.828   1.5272  1.5780  1.6415  1.7203  1.974   2.582   3.552   4.355   4.675
320     1.1414  1.2034  1.2860  1.3504  1.4043  4.723   1.5145  1.5625  1.6197  1.6903  1.905   2.348   3.177   3.981   4.301
330     1.1399  1.2009  1.2820  1.3452  1.3970  4.628   1.5026  1.5470  1.6008  1.6612  1.852   2.194   2.861   3.632   3.960
340     1.1382  1.1985  1.2788  1.3399  1.3904  4.537   1.4910  1.5333  1.5835  1.6481  1.807   2.087   2.612   3.327   3.664
